As Ks Qs Js 55.83 2.16 42.01
As Ks Qs Ts 54.22 2.14 43.64
As Ks Qs 9s 53.70 2.01 44.29
As Ks Qs 8s 51.94 1.99 46.07
As Ks Qs 7s 52.29 1.94 45.77
As Ks Qs 6s 52.40 1.95 45.65
As Ks Qs 5s 52.68 2.08 45.24
As Ks Qs 4s 52.28 2.04 45.68
As Ks Qs 3s 52.04 2.04 45.92
As Ks Qs 2s 51.69 2.05 46.25
As Ks Qs Ac 64.84 0.73 34.42
As Ks Qs Kc 63.48 0.83 35.69
As Ks Qs Qc 62.98 1.08 35.94
As Ks Qs Jc 55.70 2.16 42.14
As Ks Qs Tc 55.64 2.12 42.23
As Ks Qs 9c 54.43 2.01 43.56
As Ks Qs 8c 53.51 1.93 44.56
As Ks Qs 7c 53.43 1.94 44.63
As Ks Qs 6c 51.87 1.89 46.24
As Ks Qs 5c 54.18 2.07 43.74
As Ks Qs 4c 53.25 2.06 44.68
As Ks Qs 3c 53.19 2.02 44.78
As Ks Qs 2c 52.34 2.00 45.66
As Ks Js Ts 55.41 2.25 42.34
As Ks Js 9s 54.21 2.12 43.67
As Ks Js 8s 53.02 2.10 44.88
As Ks Js 7s 52.45 2.09 45.46
As Ks Js 6s 51.16 1.93 46.91
As Ks Js 5s 52.53 2.10 45.36
As Ks Js 4s 51.49 2.06 46.45
As Ks Js 3s 51.16 2.04 46.80
As Ks Js 2s 51.08 2.02 46.90
As Ks Js Ac 65.23 0.73 34.04
As Ks Js Kc 63.29 0.82 35.88
As Ks Js Qc 55.95 2.14 41.91
As Ks Js Jc 62.07 1.07 36.86
As Ks Js Tc 56.09 2.23 41.68
As Ks Js 9c 54.87 2.08 43.05
As Ks Js 8c 54.17 2.08 43.75
As Ks Js 7c 53.54 2.05 44.41
As Ks Js 6c 51.73 1.91 46.36
As Ks Js 5c 53.49 2.05 44.47
As Ks Js 4c 52.90 2.05 45.05
As Ks Js 3c 52.53 2.02 45.45
As Ks Js 2c 51.52 2.03 46.45
As Ks Ts 9s 55.00 2.25 42.76
As Ks Ts 8s 53.91 2.20 43.88
As Ks Ts 7s 53.52 2.19 44.30
As Ks Ts 6s 52.24 2.04 45.72
As Ks Ts 5s 52.01 2.08 45.91
As Ks Ts 4s 50.98 2.02 47.00
As Ks Ts 3s 50.52 2.03 47.45
As Ks Ts 2s 50.54 2.03 47.43
As Ks Ts Ac 64.68 0.71 34.60
As Ks Ts Kc 64.48 0.83 34.69
As Ks Ts Qc 55.59 2.13 42.27
As Ks Ts Jc 56.50 2.27 41.23
As Ks Ts Tc 60.20 1.06 38.74
As Ks Ts 9c 55.63 2.22 42.16
As Ks Ts 8c 55.26 2.18 42.56
As Ks Ts 7c 54.16 2.16 43.67
As Ks Ts 6c 53.29 2.03 44.68
As Ks Ts 5c 52.70 2.05 45.25
As Ks Ts 4c 51.82 2.05 46.13
As Ks Ts 3c 52.31 2.04 45.66
As Ks Ts 2c 51.20 2.01 46.79
As Ks 9s 8s 53.10 2.16 44.73
As Ks 9s 7s 52.29 2.13 45.58
As Ks 9s 6s 51.15 2.01 46.84
As Ks 9s 5s 51.04 1.99 46.98
As Ks 9s 4s 48.95 1.84 49.22
As Ks 9s 3s 48.48 1.85 49.67
As Ks 9s 2s 48.12 1.82 50.05
As Ks 9s Ac 63.66 0.56 35.78
As Ks 9s Kc 62.90 0.69 36.41
As Ks 9s Qc 54.60 2.03 43.37
As Ks 9s Jc 54.51 2.10 43.39
As Ks 9s Tc 56.12 2.27 41.61
As Ks 9s 9c 57.29 1.02 41.69
As Ks 9s 8c 54.25 2.12 43.62
As Ks 9s 7c 53.36 2.11 44.53
As Ks 9s 6c 51.95 1.98 46.07
As Ks 9s 5c 51.90 1.98 46.12
As Ks 9s 4c 49.95 1.84 48.21
As Ks 9s 3c 49.41 1.83 48.76
As Ks 9s 2c 49.51 1.83 48.66
As Ks 8s 7s 53.09 2.27 44.64
As Ks 8s 6s 51.53 2.09 46.38
As Ks 8s 5s 51.88 2.09 46.03
As Ks 8s 4s 49.87 1.96 48.17
As Ks 8s 3s 47.80 1.81 50.38
As Ks 8s 2s 47.65 1.85 50.50
As Ks 8s Ac 64.19 0.58 35.24
As Ks 8s Kc 63.00 0.67 36.34
As Ks 8s Qc 53.80 1.97 44.23
As Ks 8s Jc 54.42 2.08 43.50
As Ks 8s Tc 54.55 2.16 43.29
As Ks 8s 9c 54.43 2.17 43.40
As Ks 8s 8c 56.05 1.02 42.93
As Ks 8s 7c 54.35 2.27 43.37
As Ks 8s 6c 52.18 2.07 45.75
As Ks 8s 5c 52.77 2.13 45.09
As Ks 8s 4c 50.77 1.96 47.27
As Ks 8s 3c 49.15 1.81 49.04
As Ks 8s 2c 48.61 1.81 49.58
As Ks 7s 6s 52.60 2.27 45.13
As Ks 7s 5s 52.51 2.17 45.32
As Ks 7s 4s 50.52 2.09 47.38
As Ks 7s 3s 49.29 1.95 48.76
As Ks 7s 2s 47.53 1.81 50.66
As Ks 7s Ac 64.01 0.56 35.43
As Ks 7s Kc 62.73 0.70 36.58
As Ks 7s Qc 52.92 1.95 45.13
As Ks 7s Jc 53.84 2.03 44.13
As Ks 7s Tc 55.08 2.19 42.74
As Ks 7s 9c 53.75 2.09 44.16
As Ks 7s 8c 54.24 2.22 43.54
As Ks 7s 7c 54.44 0.99 44.58
As Ks 7s 6c 53.13 2.25 44.62
As Ks 7s 5c 53.21 2.19 44.61
As Ks 7s 4c 50.92 2.02 47.06
As Ks 7s 3c 50.17 1.90 47.93
As Ks 7s 2c 47.75 1.81 50.44
As Ks 6s 5s 51.65 2.22 46.13
As Ks 6s 4s 50.17 2.06 47.76
As Ks 6s 3s 48.98 1.97 49.06
As Ks 6s 2s 46.97 1.81 51.22
As Ks 6s Ac 63.55 0.55 35.90
As Ks 6s Kc 63.01 0.68 36.31
As Ks 6s Qc 52.84 1.92 45.24
As Ks 6s Jc 51.72 1.94 46.35
As Ks 6s Tc 53.08 2.04 44.88
As Ks 6s 9c 52.10 1.97 45.93
As Ks 6s 8c 52.96 2.11 44.93
As Ks 6s 7c 53.34 2.25 44.41
As Ks 6s 6c 53.29 0.99 45.73
As Ks 6s 5c 52.53 2.15 45.31
As Ks 6s 4c 51.33 2.08 46.59
As Ks 6s 3c 49.84 1.96 48.20
As Ks 6s 2c 48.10 1.79 50.12
As Ks 5s 4s 51.38 2.25 46.37
As Ks 5s 3s 50.34 2.14 47.51
As Ks 5s 2s 48.45 2.00 49.55
As Ks 5s Ac 64.49 0.63 34.87
As Ks 5s Kc 63.72 0.82 35.46
As Ks 5s Qc 53.56 2.04 44.40
As Ks 5s Jc 53.52 2.08 44.40
As Ks 5s Tc 52.63 2.02 45.35
As Ks 5s 9c 51.59 1.99 46.42
As Ks 5s 8c 52.79 2.09 45.13
As Ks 5s 7c 53.16 2.20 44.64
As Ks 5s 6c 52.62 2.23 45.15
As Ks 5s 5c 53.66 1.05 45.30
As Ks 5s 4c 51.83 2.20 45.97
As Ks 5s 3c 50.79 2.12 47.09
As Ks 5s 2c 48.95 1.95 49.10
As Ks 4s 3s 49.24 2.12 48.63
As Ks 4s 2s 47.53 1.94 50.53
As Ks 4s Ac 64.45 0.64 34.91
As Ks 4s Kc 63.56 0.82 35.61
As Ks 4s Qc 53.93 2.04 44.03
As Ks 4s Jc 52.09 2.06 45.85
As Ks 4s Tc 52.47 2.04 45.49
As Ks 4s 9c 50.20 1.84 47.96
As Ks 4s 8c 51.77 1.95 46.28
As Ks 4s 7c 51.67 2.04 46.30
As Ks 4s 6c 51.59 2.09 46.32
As Ks 4s 5c 52.04 2.26 45.71
As Ks 4s 4c 52.01 1.09 46.91
As Ks 4s 3c 50.39 2.06 47.54
As Ks 4s 2c 48.33 1.97 49.70
As Ks 3s 2s 47.16 1.97 50.87
As Ks 3s Ac 63.58 0.64 35.78
As Ks 3s Kc 63.28 0.80 35.92
As Ks 3s Qc 53.08 2.05 44.87
As Ks 3s Jc 52.36 2.04 45.59
As Ks 3s Tc 51.75 2.02 46.23
As Ks 3s 9c 49.30 1.83 48.86
As Ks 3s 8c 49.23 1.85 48.92
As Ks 3s 7c 50.59 1.94 47.47
As Ks 3s 6c 50.14 1.91 47.95
As Ks 3s 5c 50.87 2.09 47.04
As Ks 3s 4c 50.19 2.07 47.74
As Ks 3s 3c 50.34 1.06 48.61
As Ks 3s 2c 48.19 1.97 49.84
As Ks 2s Ac 63.69 0.63 35.68
As Ks 2s Kc 62.71 0.82 36.47
As Ks 2s Qc 52.18 2.04 45.78
As Ks 2s Jc 51.60 2.02 46.38
As Ks 2s Tc 51.71 2.00 46.29
As Ks 2s 9c 49.25 1.82 48.92
As Ks 2s 8c 48.63 1.81 49.56
As Ks 2s 7c 48.45 1.79 49.76
As Ks 2s 6c 48.07 1.82 50.11
As Ks 2s 5c 49.52 1.96 48.52
As Ks 2s 4c 49.18 1.98 48.84
As Ks 2s 3c 48.56 1.96 49.48
As Ks 2s 2c 49.08 1.04 49.87
As Ks Ac Kc 70.32 0.33 29.34
As Ks Ac Qc 69.15 0.64 30.22
As Ks Ac Jc 68.58 0.65 30.77
As Ks Ac Tc 69.01 0.65 30.34
As Ks Ac 9c 68.07 0.50 31.43
As Ks Ac 8c 68.23 0.52 31.25
As Ks Ac 7c 67.93 0.47 31.59
As Ks Ac 6c 68.24 0.50 31.26
As Ks Ac 5c 68.35 0.56 31.09
As Ks Ac 4c 68.16 0.59 31.26
As Ks Ac 3c 68.01 0.58 31.40
As Ks Ac 2c 67.77 0.58 31.65
As Ks Ac Ad 60.05 0.08 39.87
As Ks Ac Kd 67.69 0.37 31.94
As Ks Ac Qd 65.94 0.72 33.34
As Ks Ac Jd 66.31 0.73 32.95
As Ks Ac Td 66.20 0.73 33.07
As Ks Ac 9d 65.09 0.56 34.35
As Ks Ac 8d 65.02 0.55 34.43
As Ks Ac 7d 64.78 0.54 34.68
As Ks Ac 6d 65.29 0.56 34.15
As Ks Ac 5d 65.79 0.65 33.56
As Ks Ac 4d 65.67 0.64 33.69
As Ks Ac 3d 65.21 0.65 34.14
As Ks Ac 2d 65.08 0.63 34.29
As Ks Kc Qc 67.48 0.74 31.79
As Ks Kc Jc 67.39 0.75 31.87
As Ks Kc Tc 67.54 0.73 31.73
As Ks Kc 9c 66.78 0.63 32.59
As Ks Kc 8c 66.97 0.61 32.42
As Ks Kc 7c 66.80 0.63 32.56
As Ks Kc 6c 66.61 0.62 32.77
As Ks Kc 5c 67.65 0.75 31.60
As Ks Kc 4c 67.58 0.73 31.69
As Ks Kc 3c 66.81 0.70 32.48
As Ks Kc 2c 66.68 0.70 32.62
As Ks Kc Kd 59.46 0.23 40.31
As Ks Kc Qd 64.60 0.85 34.55
As Ks Kc Jd 64.69 0.83 34.48
As Ks Kc Td 65.14 0.81 34.05
As Ks Kc 9d 64.05 0.70 35.25
As Ks Kc 8d 63.86 0.68 35.46
As Ks Kc 7d 63.88 0.67 35.46
As Ks Kc 6d 63.88 0.69 35.43
As Ks Kc 5d 64.85 0.83 34.32
As Ks Kc 4d 64.37 0.80 34.83
As Ks Kc 3d 64.12 0.79 35.09
As Ks Kc 2d 64.07 0.80 35.12
As Ks Qc Jc 59.68 2.00 38.32
As Ks Qc Tc 59.58 1.95 38.47
As Ks Qc 9c 58.50 1.82 39.68
As Ks Qc 8c 57.66 1.77 40.57
As Ks Qc 7c 57.35 1.79 40.86
As Ks Qc 6c 56.69 1.80 41.51
As Ks Qc 5c 57.78 1.92 40.31
As Ks Qc 4c 58.15 1.87 39.97
As Ks Qc 3c 57.63 1.88 40.49
As Ks Qc 2c 56.67 1.84 41.49
As Ks Qc Qd 63.40 1.11 35.50
As Ks Qc Jd 57.24 2.12 40.64
As Ks Qc Td 56.75 2.09 41.16
As Ks Qc 9d 55.73 1.99 42.28
As Ks Qc 8d 54.01 1.96 44.03
As Ks Qc 7d 53.87 1.91 44.22
As Ks Qc 6d 54.10 1.93 43.97
As Ks Qc 5d 55.02 2.05 42.93
As Ks Qc 4d 54.77 2.02 43.21
As Ks Qc 3d 54.22 2.04 43.74
As Ks Qc 2d 53.69 2.00 44.31
As Ks Jc Tc 60.32 2.07 37.61
As Ks Jc 9c 59.27 1.92 38.81
As Ks Jc 8c 57.48 1.88 40.64
As Ks Jc 7c 57.51 1.91 40.58
As Ks Jc 6c 55.95 1.77 42.28
As Ks Jc 5c 57.13 1.88 41.00
As Ks Jc 4c 57.33 1.89 40.79
As Ks Jc 3c 56.72 1.89 41.39
As Ks Jc 2c 55.40 1.85 42.75
As Ks Jc Jd 62.26 1.10 36.65
As Ks Jc Td 57.66 2.26 40.08
As Ks Jc 9d 55.81 2.11 42.08
As Ks Jc 8d 55.31 2.06 42.63
As Ks Jc 7d 54.18 2.02 43.80
As Ks Jc 6d 53.53 1.89 44.57
As Ks Jc 5d 54.09 2.02 43.89
As Ks Jc 4d 54.03 2.01 43.96
As Ks Jc 3d 53.85 2.03 44.12
As Ks Jc 2d 52.91 2.03 45.07
As Ks Tc 9c 60.03 2.07 37.90
As Ks Tc 8c 58.34 2.02 39.65
As Ks Tc 7c 58.84 1.98 39.18
As Ks Tc 6c 57.10 1.88 41.02
As Ks Tc 5c 56.72 1.85 41.42
As Ks Tc 4c 56.08 1.88 42.05
As Ks Tc 3c 56.00 1.85 42.15
As Ks Tc 2c 55.72 1.85 42.42
As Ks Tc Td 60.75 1.06 38.18
As Ks Tc 9d 57.34 2.23 40.43
As Ks Tc 8d 55.37 2.18 42.45
As Ks Tc 7d 55.67 2.14 42.18
As Ks Tc 6d 54.03 2.04 43.94
As Ks Tc 5d 54.15 2.04 43.81
As Ks Tc 4d 53.61 2.01 44.37
As Ks Tc 3d 53.16 1.97 44.87
As Ks Tc 2d 52.78 1.97 45.26
As Ks 9c 8c 57.92 1.92 40.17
As Ks 9c 7c 57.52 1.91 40.58
As Ks 9c 6c 56.02 1.83 42.15
As Ks 9c 5c 55.56 1.85 42.59
As Ks 9c 4c 54.19 1.71 44.10
As Ks 9c 3c 53.65 1.68 44.67
As Ks 9c 2c 53.02 1.71 45.27
As Ks 9c 9d 58.18 1.01 40.82
As Ks 9c 8d 54.89 2.15 42.96
As Ks 9c 7d 54.84 2.13 43.03
As Ks 9c 6d 53.09 1.97 44.94
As Ks 9c 5d 53.16 1.96 44.88
As Ks 9c 4d 51.29 1.87 46.84
As Ks 9c 3d 51.07 1.80 47.13
As Ks 9c 2d 49.96 1.81 48.23
As Ks 8c 7c 57.80 2.06 40.14
As Ks 8c 6c 56.88 1.95 41.17
As Ks 8c 5c 56.45 1.95 41.60
As Ks 8c 4c 55.34 1.82 42.83
As Ks 8c 3c 52.99 1.68 45.33
As Ks 8c 2c 52.46 1.68 45.87
As Ks 8c 8d 56.46 1.00 42.54
As Ks 8c 7d 55.36 2.25 42.39
As Ks 8c 6d 53.71 2.08 44.21
As Ks 8c 5d 53.53 2.07 44.41
As Ks 8c 4d 52.01 1.95 46.05
As Ks 8c 3d 50.27 1.81 47.91
As Ks 8c 2d 50.08 1.83 48.09
As Ks 7c 6c 57.26 2.04 40.69
As Ks 7c 5c 57.00 2.06 40.94
As Ks 7c 4c 55.70 1.92 42.38
As Ks 7c 3c 53.90 1.80 44.29
As Ks 7c 2c 52.27 1.64 46.09
As Ks 7c 7d 55.10 1.00 43.90
As Ks 7c 6d 54.52 2.20 43.28
As Ks 7c 5d 53.97 2.13 43.90
As Ks 7c 4d 53.13 2.07 44.81
As Ks 7c 3d 50.83 1.92 47.25
As Ks 7c 2d 49.60 1.78 48.62
As Ks 6c 5c 56.04 2.03 41.93
As Ks 6c 4c 55.05 1.88 43.07
As Ks 6c 3c 53.48 1.76 44.77
As Ks 6c 2c 51.88 1.67 46.45
As Ks 6c 6d 53.74 1.00 45.26
As Ks 6c 5d 54.51 2.20 43.29
As Ks 6c 4d 52.56 2.07 45.37
As Ks 6c 3d 51.34 1.92 46.74
As Ks 6c 2d 49.03 1.76 49.21
As Ks 5c 4c 55.98 2.07 41.95
As Ks 5c 3c 54.94 1.93 43.13
As Ks 5c 2c 52.88 1.81 45.31
As Ks 5c 5d 53.85 1.07 45.08
As Ks 5c 4d 53.62 2.24 44.14
As Ks 5c 3d 52.57 2.08 45.35
As Ks 5c 2d 50.26 1.94 47.80
As Ks 4c 3c 53.82 1.94 44.24
As Ks 4c 2c 52.96 1.80 45.24
As Ks 4c 4d 52.59 1.05 46.36
As Ks 4c 3d 50.95 2.09 46.96
As Ks 4c 2d 49.95 1.91 48.14
As Ks 3c 2c 51.84 1.83 46.33
As Ks 3c 3d 51.35 1.08 47.58
As Ks 3c 2d 49.67 1.93 48.40
As Ks 2c 2d 49.87 1.02 49.11
As Qs Js Ts 54.93 2.21 42.86
As Qs Js 9s 53.32 2.10 44.58
As Qs Js 8s 53.69 2.08 44.23
As Qs Js 7s 52.48 1.98 45.54
As Qs Js 6s 51.42 2.00 46.58
As Qs Js 5s 52.22 2.11 45.66
As Qs Js 4s 52.24 2.06 45.70
As Qs Js 3s 50.86 2.01 47.13
As Qs Js 2s 50.97 2.08 46.95
As Qs Js Ac 65.60 0.87 33.52
As Qs Js Kc 56.02 2.13 41.84
As Qs Js Qc 61.96 0.84 37.20
As Qs Js Jc 61.88 1.09 37.03
As Qs Js Tc 56.11 2.23 41.65
As Qs Js 9c 54.47 2.08 43.45
As Qs Js 8c 54.69 2.07 43.24
As Qs Js 7c 52.84 1.96 45.20
As Qs Js 6c 52.44 1.93 45.63
As Qs Js 5c 53.46 2.12 44.42
As Qs Js 4c 52.81 2.07 45.12
As Qs Js 3c 53.15 2.07 44.78
As Qs Js 2c 52.06 2.07 45.87
As Qs Ts 9s 54.55 2.21 43.24
As Qs Ts 8s 54.04 2.19 43.77
As Qs Ts 7s 52.26 2.07 45.67
As Qs Ts 6s 51.76 2.07 46.17
As Qs Ts 5s 51.68 2.09 46.23
As Qs Ts 4s 51.25 2.05 46.70
As Qs Ts 3s 50.78 2.02 47.20
As Qs Ts 2s 50.24 2.06 47.70
As Qs Ts Ac 65.32 0.86 33.81
As Qs Ts Kc 55.39 2.14 42.47
As Qs Ts Qc 62.41 0.91 36.68
As 7s Jc Tc 57.28 1.92 40.80
As 7s Jc 9c 57.23 1.90 40.87
As 7s Jc 8c 57.48 2.03 40.49
As 7s Jc 7c 57.98 0.88 41.14
As 7s Jc 6c 55.74 1.92 42.33
As 7s Jc 5c 56.86 1.95 41.19
As 7s Jc 4c 54.56 1.88 43.57
As 7s Jc 3c 53.43 1.77 44.81
As 7s Jc 2c 51.86 1.61 46.53
As 7s Jc Jd 59.44 0.72 39.84
As 7s Jc Td 55.24 2.09 42.67
As 7s Jc 9d 54.02 2.04 43.94
As 7s Jc 8d 55.07 2.19 42.73
As 7s Jc 7d 55.39 0.97 43.64
As 7s Jc 6d 52.84 2.04 45.12
As 7s Jc 5d 53.76 2.19 44.05
As 7s Jc 4d 51.97 1.95 46.09
As 7s Jc 3d 50.88 1.85 47.28
As 7s Jc 2d 48.58 1.69 49.73
As 7s Tc 9c 56.48 1.87 41.64
As 7s Tc 8c 57.72 1.97 40.31
As 7s Tc 7c 58.68 0.91 40.41
As 7s Tc 6c 56.07 1.87 42.06
As 7s Tc 5c 55.74 1.92 42.34
As 7s Tc 4c 55.44 1.88 42.68
As 7s Tc 3c 54.11 1.77 44.13
As 7s Tc 2c 52.48 1.67 45.84
As 7s Tc Td 58.21 0.77 41.02
As 7s Tc 9d 54.32 2.03 43.64
As 7s Tc 8d 55.06 2.12 42.82
As 7s Tc 7d 55.89 1.03 43.08
As 7s Tc 6d 53.14 2.06 44.80
As 7s Tc 5d 52.94 2.12 44.94
As 7s Tc 4d 52.35 2.06 45.59
As 7s Tc 3d 51.38 1.91 46.72
As 7s Tc 2d 49.34 1.79 48.87
As 7s 9c 8c 56.08 1.77 42.15
As 7s 9c 7c 57.15 0.79 42.06
As 7s 9c 6c 54.71 1.73 43.56
As 7s 9c 5c 54.73 1.77 43.50
As 7s 9c 4c 53.40 1.70 44.89
As 7s 9c 3c 52.39 1.61 46.00
As 7s 9c 2c 51.00 1.56 47.44
As 7s 9c 9d 56.30 0.67 43.03
As 7s 9c 8d 53.33 1.96 44.70
As 7s 9c 7d 54.52 0.87 44.61
As 7s 9c 6d 51.92 1.92 46.16
As 7s 9c 5d 51.24 1.92 46.84
As 7s 9c 4d 49.82 1.85 48.33
As 7s 9c 3d 49.77 1.83 48.40
As 7s 9c 2d 48.08 1.67 50.25
As 7s 8c 7c 57.43 0.87 41.71
As 7s 8c 6c 53.85 1.72 44.43
As 7s 8c 5c 54.76 1.77 43.47
As 7s 8c 4c 53.59 1.73 44.68
As 7s 8c 3c 51.85 1.62 46.53
As 7s 8c 2c 51.39 1.58 47.03
As 7s 8c 8d 55.28 0.74 43.98
As 7s 8c 7d 55.20 0.96 43.84
As 7s 8c 6d 51.70 1.86 46.44
As 7s 8c 5d 52.31 1.90 45.78
As 7s 8c 4d 50.44 1.86 47.70
As 7s 8c 3d 49.26 1.79 48.95
As 7s 8c 2d 48.80 1.75 49.46
As 7s 7c 6c 56.09 0.63 43.28
As 7s 7c 5c 55.77 0.66 43.57
As 7s 7c 4c 55.30 0.57 44.13
As 7s 7c 3c 54.05 0.48 45.47
As 7s 7c 2c 52.66 0.39 46.96
As 7s 7c 7d 42.60 0.03 57.37
As 7s 7c 6d 53.46 0.70 45.84
As 7s 7c 5d 53.56 0.77 45.67
As 7s 7c 4d 52.01 0.64 47.35
As 7s 7c 3d 50.92 0.50 48.58
As 7s 7c 2d 49.77 0.43 49.80
As 7s 6c 5c 53.94 1.65 44.41
As 7s 6c 4c 52.18 1.58 46.24
As 7s 6c 3c 51.26 1.49 47.25
As 7s 6c 2c 49.11 1.44 49.45
As 7s 6c 6d 52.58 0.92 46.51
As 7s 6c 5d 50.47 1.81 47.73
As 7s 6c 4d 49.91 1.74 48.35
As 7s 6c 3d 48.39 1.66 49.95
As 7s 6c 2d 45.51 1.53 52.96
As 7s 5c 4c 51.59 1.61 46.80
As 7s 5c 3c 51.53 1.52 46.95
As 7s 5c 2c 49.43 1.46 49.11
As 7s 5c 5d 50.70 0.87 48.43
As 7s 5c 4d 49.22 1.73 49.05
As 7s 5c 3d 48.14 1.68 50.19
As 7s 5c 2d 46.12 1.57 52.30
As 7s 4c 3c 49.06 1.36 49.58
As 7s 4c 2c 48.27 1.33 50.40
As 7s 4c 4d 48.73 0.78 50.50
As 7s 4c 3d 46.31 1.51 52.17
As 7s 4c 2d 44.58 1.42 53.99
As 7s 3c 2c 45.70 1.19 53.11
As 7s 3c 3d 46.51 0.69 52.80
As 7s 3c 2d 42.92 1.25 55.83
As 7s 2c 2d 43.30 0.58 56.12
As 6s 5s 4s 46.19 1.75 52.07
As 6s 5s 3s 45.20 1.66 53.14
As 6s 5s 2s 43.86 1.54 54.61
As 6s 5s Ac 65.52 0.97 33.51
As 6s 5s Kc 52.74 2.21 45.05
As 6s 5s Qc 51.12 2.13 46.75
As 6s 5s Jc 50.38 2.04 47.58
As 6s 5s Tc 49.67 1.94 48.39
As 6s 5s 9c 48.91 1.83 49.26
As 6s 5s 8c 49.26 1.77 48.97
As 6s 5s 7c 49.39 1.79 48.82
As 6s 5s 6c 50.85 0.72 48.43
As 6s 5s 5c 49.37 0.86 49.78
As 6s 5s 4c 47.67 1.73 50.60
As 6s 5s 3c 46.03 1.61 52.36
As 6s 5s 2c 45.39 1.57 53.04
As 6s 4s 3s 43.55 1.49 54.95
As 6s 4s 2s 42.73 1.44 55.82
As 6s 4s Ac 64.76 0.84 34.41
As 6s 4s Kc 50.64 2.08 47.28
As 6s 4s Qc 49.53 1.95 48.52
As 6s 4s Jc 49.16 1.89 48.94
As 6s 4s Tc 49.31 1.92 48.77
As 6s 4s 9c 47.39 1.72 50.89
As 6s 4s 8c 47.91 1.75 50.34
As 6s 4s 7c 48.42 1.75 49.84
As 6s 4s 6c 49.33 0.58 50.09
As 6s 4s 5c 47.37 1.70 50.93
As 6s 4s 4c 47.10 0.75 52.15
As 6s 4s 3c 44.80 1.47 53.72
As 6s 4s 2c 43.49 1.46 55.05
As 6s 3s 2s 40.32 1.26 58.42
As 6s 3s Ac 63.39 0.66 35.95
As 6s 3s Kc 49.26 1.98 48.75
As 6s 3s Qc 48.41 1.84 49.75
As 6s 3s Jc 47.44 1.73 50.83
As 6s 3s Tc 48.06 1.76 50.18
As 6s 3s 9c 46.58 1.72 51.71
As 6s 3s 8c 46.07 1.63 52.30
As 6s 3s 7c 46.74 1.66 51.59
As 6s 3s 6c 48.43 0.47 51.10
As 6s 3s 5c 46.03 1.63 52.34
As 6s 3s 4c 44.33 1.50 54.17
As 6s 3s 3c 45.02 0.63 54.35
As 6s 3s 2c 41.34 1.24 57.43
As 6s 2s Ac 62.54 0.55 36.90
As 6s 2s Kc 48.19 1.79 50.02
As 6s 2s Qc 47.13 1.72 51.15
As 6s 2s Jc 45.23 1.58 53.19
As 6s 2s Tc 46.04 1.63 52.33
As 6s 2s 9c 45.28 1.55 53.17
As 6s 2s 8c 45.33 1.58 53.08
As 6s 2s 7c 44.81 1.58 53.61
As 6s 2s 6c 46.70 0.36 52.94
As 6s 2s 5c 44.89 1.57 53.54
As 6s 2s 4c 43.71 1.44 54.84
As 6s 2s 3c 41.76 1.30 56.93
As 6s 2s 2c 42.71 0.52 56.78
As 6s Ac 6c 70.20 0.25 29.55
As 6s Ac 5c 69.41 0.90 29.69
As 6s Ac 4c 68.31 0.72 30.97
As 6s Ac 3c 67.49 0.62 31.89
As 6s Ac 2c 66.94 0.49 32.57
As 6s Ac Ad 60.18 0.01 39.81
As 6s Ac Kd 64.73 0.54 34.73
As 6s Ac Qd 65.25 0.54 34.21
As 6s Ac Jd 65.22 0.56 34.22
As 6s Ac Td 66.24 0.69 33.07
As 6s Ac 9d 65.46 0.71 33.83
As 6s Ac 8d 65.92 0.83 33.25
As 6s Ac 7d 66.55 1.00 32.45
As 6s Ac 6d 67.58 0.28 32.14
As 6s Ac 5d 66.34 0.99 32.67
As 6s Ac 4d 65.69 0.82 33.50
As 6s Ac 3d 64.51 0.69 34.80
As 6s Ac 2d 64.54 0.55 34.91
As 6s Kc Qc 57.15 1.80 41.04
As 6s Kc Jc 56.71 1.75 41.55
As 6s Kc Tc 57.69 1.87 40.44
As 6s Kc 9c 56.39 1.81 41.79
As 6s Kc 8c 56.94 1.94 41.12
As 6s Kc 7c 57.22 2.03 40.75
As 6s Kc 6c 57.90 0.87 41.22
As 6s Kc 5c 56.77 2.03 41.20
As 6s Kc 4c 56.13 1.90 41.97
As 6s Kc 3c 54.25 1.75 44.00
As 6s Kc 2c 52.78 1.65 45.57
As 6s Kc Kd 63.45 0.71 35.84
As 6s Kc Qd 54.09 1.92 43.99
As 6s Kc Jd 52.64 1.90 45.46
As 6s Kc Td 53.61 2.01 44.38
As 6s Kc 9d 53.10 1.96 44.94
As 6s Kc 8d 53.39 2.09 44.52
As 6s Kc 7d 54.45 2.24 43.31
As 6s Kc 6d 54.09 0.95 44.95
As 6s Kc 5d 53.88 2.23 43.90
As 6s Kc 4d 52.04 2.07 45.89
As 6s Kc 3d 50.72 1.92 47.37
As 6s Kc 2d 49.64 1.82 48.54
As 6s Qc Jc 56.24 1.80 41.96
As 6s Qc Tc 57.22 1.89 40.89
As 6s Qc 9c 56.27 1.89 41.84
As 6s Qc 8c 56.49 1.91 41.60
As 6s Qc 7c 56.23 1.92 41.85
As 6s Qc 6c 56.87 0.83 42.31
As 6s Qc 5c 55.42 1.95 42.63
As 6s Qc 4c 54.77 1.81 43.42
As 6s Qc 3c 53.11 1.69 45.20
As 6s Qc 2c 51.10 1.55 47.35
As 6s Qc Qd 60.50 0.67 38.84
As 6s Qc Jd 53.43 1.92 44.66
As 6s Qc Td 54.69 2.06 43.25
As 6s Qc 9d 53.00 1.97 45.03
As 6s Qc 8d 54.28 2.14 43.58
As 6s Qc 7d 53.49 2.11 44.39
As 6s Qc 6d 52.80 0.91 46.30
As 6s Qc 5d 52.95 2.09 44.96
As 6s Qc 4d 51.04 1.96 47.00
As 6s Qc 3d 48.95 1.79 49.26
As 6s Qc 2d 47.50 1.67 50.84
As 6s Jc Tc 56.53 1.81 41.66
As 6s Jc 9c 55.36 1.76 42.89
As 6s Jc 8c 55.94 1.86 42.19
As 6s Jc 7c 56.30 1.88 41.82
As 6s Jc 6c 55.86 0.78 43.37
As 6s Jc 5c 55.32 1.86 42.82
As 6s Jc 4c 53.55 1.69 44.76
As 6s Jc 3c 51.36 1.57 47.07
As 6s Jc 2c 50.31 1.45 48.24
As 6s Jc Jd 58.85 0.60 40.56
As 6s Jc Td 53.56 2.00 44.43
As 6s Jc 9d 52.01 1.93 46.06
As 6s Jc 8d 53.08 2.06 44.86
As 6s Jc 7d 52.59 2.05 45.36
As 6s Jc 6d 52.43 0.85 46.73
As 6s Jc 5d 51.95 2.03 46.02
As 6s Jc 4d 50.50 1.84 47.65
As 6s Jc 3d 48.72 1.71 49.56
As 6s Jc 2d 46.51 1.58 51.90
As 6s Tc 9c 55.77 1.79 42.45
As 6s Tc 8c 56.59 1.94 41.48
As 6s Tc 7c 55.88 1.90 42.22
As 6s Tc 6c 56.12 0.80 43.07
As 6s Tc 5c 54.12 1.79 44.09
As 6s Tc 4c 53.45 1.81 44.74
As 6s Tc 3c 52.91 1.68 45.40
As 6s Tc 2c 51.38 1.51 47.11
As 6s Tc Td 57.93 0.65 41.42
As 6s Tc 9d 52.74 1.92 45.34
As 6s Tc 8d 53.22 2.05 44.73
As 6s Tc 7d 53.24 2.06 44.70
As 6s Tc 6d 53.21 0.93 45.86
As 6s Tc 5d 51.15 1.95 46.90
As 6s Tc 4d 51.25 1.91 46.83
As 6s Tc 3d 49.17 1.78 49.05
As 6s Tc 2d 47.35 1.64 51.00
As 6s 9c 8c 55.12 1.79 43.10
As 6s 9c 7c 55.17 1.76 43.06
As 6s 9c 6c 54.79 0.69 44.52
As 6s 9c 5c 52.54 1.62 45.84
As 6s 9c 4c 51.64 1.55 46.81
As 6s 9c 3c 50.82 1.54 47.64
As 6s 9c 2c 50.19 1.42 48.39
As 6s 9c 9d 55.12 0.56 44.32
As 6s 9c 8d 52.09 1.90 46.02
As 6s 9c 7d 51.56 1.87 46.57
As 6s 9c 6d 51.90 0.78 47.32
As 6s 9c 5d 50.01 1.79 48.20
As 6s 9c 4d 48.22 1.69 50.09
As 6s 9c 3d 47.66 1.66 50.68
As 6s 9c 2d 46.60 1.52 51.88
As 6s 8c 7c 54.81 1.71 43.48
As 6s 8c 6c 55.67 0.77 43.55
As 6s 8c 5c 53.65 1.65 44.70
As 6s 8c 4c 52.12 1.55 46.33
As 6s 8c 3c 49.72 1.46 48.82
As 6s 8c 2c 49.40 1.49 49.11
As 6s 8c 8d 53.77 0.65 45.59
As 6s 8c 7d 51.45 1.86 46.68
As 6s 8c 6d 52.71 0.84 46.46
As 6s 8c 5d 50.71 1.79 47.50
As 6s 8c 4d 49.54 1.70 48.75
As 6s 8c 3d 47.80 1.61 50.59
As 6s 8c 2d 46.91 1.61 51.48
As 6s 7c 6c 55.28 0.82 43.90
As 6s 7c 5c 53.22 1.64 45.14
As 6s 7c 4c 52.84 1.57 45.60
As 6s 7c 3c 51.04 1.50 47.46
As 6s 7c 2c 48.57 1.39 50.04
As 6s 7c 7d 52.97 0.70 46.33
As 6s 7c 6d 53.25 0.88 45.87
As 6s 7c 5d 50.26 1.78 47.96
As 6s 7c 4d 49.27 1.72 49.01
As 6s 7c 3d 48.16 1.64 50.20
As 6s 7c 2d 45.97 1.54 52.49
As 6s 6c 5c 54.66 0.62 44.73
As 6s 6c 4c 53.50 0.50 46.00
As 6s 6c 3c 52.25 0.44 47.31
As 6s 6c 2c 51.13 0.33 48.54
As 6s 6c 6d 40.91 0.02 59.07
As 6s 6c 5d 51.90 0.66 47.44
As 6s 6c 4d 50.72 0.57 48.71
As 6s 6c 3d 49.53 0.44 50.03
As 6s 6c 2d 48.16 0.37 51.47
As 6s 5c 4c 51.17 1.60 47.24
As 6s 5c 3c 50.50 1.51 47.99
As 6s 5c 2c 48.98 1.43 49.59
As 6s 5c 5d 50.66 0.87 48.46
As 6s 5c 4d 47.61 1.65 50.75
As 6s 5c 3d 47.35 1.61 51.03
As 6s 5c 2d 45.85 1.56 52.59
As 6s 4c 3c 48.77 1.38 49.85
As 6s 4c 2c 48.08 1.32 50.60
As 6s 4c 4d 48.37 0.78 50.85
As 6s 4c 3d 46.04 1.48 52.49
As 6s 4c 2d 44.90 1.41 53.68
As 6s 3c 2c 46.40 1.20 52.41
As 6s 3c 3d 46.01 0.66 53.34
As 6s 3c 2d 43.11 1.25 55.64
As 6s 2c 2d 43.32 0.54 56.14
As 5s 4s 3s 43.39 1.60 55.01
As 5s 4s 2s 42.63 1.56 55.81
As 5s 4s Ac 64.96 0.97 34.07
As 5s 4s Kc 51.82 2.22 45.96
As 5s 4s Qc 51.32 2.16 46.53
As 5s 4s Jc 49.86 2.07 48.07
As 5s 4s Tc 49.33 1.93 48.74
As 5s 4s 9c 46.74 1.71 51.55
As 5s 4s 8c 48.09 1.77 50.14
As 5s 4s 7c 48.02 1.75 50.23
As 5s 4s 6c 47.83 1.71 50.45
As 5s 4s 5c 49.11 0.69 50.21
As 5s 4s 4c 47.78 0.88 51.34
As 5s 4s 3c 44.64 1.58 53.78
As 5s 4s 2c 43.67 1.52 54.81
As 5s 3s 2s 41.57 1.42 57.01
As 5s 3s Ac 64.21 0.83 34.96
As 5s 3s Kc 50.57 2.09 47.33
As 5s 3s Qc 49.48 2.04 48.48
As 5s 3s Jc 48.68 1.87 49.45
As 5s 3s Tc 47.44 1.81 50.75
As 5s 3s 9c 46.89 1.70 51.40
As 5s 3s 8c 45.75 1.62 52.62
As 5s 3s 7c 47.02 1.68 51.29
As 5s 3s 6c 45.63 1.65 52.72
As 5s 3s 5c 47.83 0.57 51.60
As 5s 3s 4c 44.83 1.56 53.61
As 5s 3s 3c 45.80 0.77 53.44
As 5s 3s 2c 42.30 1.39 56.31
As 5s 2s Ac 63.43 0.67 35.90
As 5s 2s Kc 49.12 1.99 48.90
As 5s 2s Qc 47.67 1.82 50.51
As 5s 2s Jc 47.48 1.77 50.75
As 5s 2s Tc 46.14 1.65 52.21
As 5s 2s 9c 45.17 1.54 53.29
As 5s 2s 8c 45.81 1.63 52.56
As 5s 2s 7c 45.19 1.58 53.22
As 5s 2s 6c 45.26 1.57 53.17
As 5s 2s 5c 46.30 0.49 53.21
As 5s 2s 4c 43.22 1.55 55.23
As 5s 2s 3c 42.55 1.39 56.06
As 5s 2s 2c 42.88 0.63 56.48
As 5s Ac 5c 70.39 0.32 29.29
As 5s Ac 4c 68.85 0.88 30.27
As 5s Ac 3c 68.04 0.73 31.23
As 5s Ac 2c 67.60 0.59 31.81
As 5s Ac Ad 60.20 0.05 39.75
As 5s Ac Kd 65.60 0.67 33.73
As 5s Ac Qd 65.38 0.63 33.99
As 5s Ac Jd 65.77 0.64 33.58
As 5s Ac Td 65.88 0.64 33.48
As 5s Ac 9d 65.14 0.64 34.22
As 5s Ac 8d 66.27 0.78 32.95
As 5s Ac 7d 66.46 0.92 32.62
As 5s Ac 6d 66.62 0.99 32.39
As 5s Ac 5d 68.00 0.37 31.63
As 5s Ac 4d 65.98 0.99 33.03
As 5s Ac 3d 65.01 0.82 34.18
As 5s Ac 2d 64.61 0.70 34.69
As 5s Kc Qc 57.62 1.89 40.49
As 5s Kc Jc 57.16 1.86 40.98
As 5s Kc Tc 57.48 1.87 40.64
As 5s Kc 9c 56.25 1.82 41.93
As 5s Kc 8c 57.36 1.95 40.69
As 5s Kc 7c 57.17 2.04 40.78
As 5s Kc 6c 56.28 2.05 41.67
As 5s Kc 5c 58.35 0.95 40.70
As 5s Kc 4c 56.93 2.02 41.05
As 5s Kc 3c 54.64 1.96 43.40
As 5s Kc 2c 53.14 1.81 45.04
As 5s Kc Kd 64.24 0.82 34.94
As 5s Kc Qd 54.87 2.05 43.08
As 5s Kc Jd 54.60 2.06 43.35
As 5s Kc Td 53.33 2.02 44.65
As 5s Kc 9d 52.80 1.97 45.24
As 5s Kc 8d 53.90 2.08 44.03
As 5s Kc 7d 54.45 2.18 43.38
As 5s Kc 6d 53.57 2.24 44.20
As 5s Kc 5d 54.11 1.03 44.86
As 5s Kc 4d 53.01 2.23 44.77
As 5s Kc 3d 51.56 2.09 46.35
As 5s Kc 2d 49.80 1.96 48.24
As 5s Qc Jc 57.53 1.95 40.53
As 5s Qc Tc 57.19 1.87 40.94
As 5s Qc 9c 56.09 1.88 42.04
As 5s Qc 8c 57.21 1.95 40.83
As 5s Qc 7c 55.98 1.96 42.07
As 5s Qc 6c 56.14 1.98 41.88
As 5s Qc 5c 57.47 0.91 41.62
As 5s Qc 4c 55.62 1.97 42.41
As 5s Qc 3c 54.03 1.81 44.16
As 5s Qc 2c 53.05 1.74 45.20
As 5s Qc Qd 61.89 0.78 37.33
As 5s Qc Jd 54.37 2.09 43.54
As 5s Qc Td 53.79 2.08 44.12
As 5s Qc 9d 53.36 2.05 44.58
As 5s Qc 8d 53.81 2.09 44.09
As 5s Qc 7d 53.24 2.10 44.66
As 5s Qc 6d 52.79 2.08 45.12
As 5s Qc 5d 53.04 1.02 45.94
As 5s Qc 4d 52.19 2.12 45.68
As 5s Qc 3d 50.30 1.97 47.72
As 5s Qc 2d 48.71 1.83 49.45
As 5s Jc Tc 57.32 2.00 40.67
As 5s Jc 9c 55.85 1.88 42.27
As 5s Jc 8c 56.70 1.97 41.34
As 5s Jc 7c 56.41 1.99 41.60
As 5s Jc 6c 54.63 1.90 43.47
As 5s Jc 5c 56.21 0.89 42.90
As 5s Jc 4c 53.88 1.88 44.24
As 5s Jc 3c 52.32 1.76 45.93
As 5s Jc 2c 51.00 1.61 47.39
As 5s Jc Jd 59.52 0.73 39.75
As 5s Jc Td 54.21 2.09 43.70
As 5s Jc 9d 53.18 2.05 44.77
As 5s Jc 8d 53.46 2.11 44.44
As 5s Jc 7d 53.44 2.16 44.40
As 5s Jc 6d 52.02 2.03 45.96
As 5s Jc 5d 52.44 0.96 46.60
As 5s Jc 4d 51.07 2.05 46.88
As 5s Jc 3d 49.58 1.86 48.56
As 5s Jc 2d 48.48 1.75 49.77
As 5s Tc 9c 56.40 1.85 41.75
As 5s Tc 8c 56.45 1.98 41.57
As 5s Tc 7c 55.75 1.90 42.35
As 5s Tc 6c 53.79 1.80 44.41
As 5s Tc 5c 55.11 0.83 44.05
As 5s Tc 4c 53.18 1.81 45.01
As 5s Tc 3c 51.57 1.66 46.77
As 5s Tc 2c 50.79 1.56 47.65
As 5s Tc Td 57.58 0.69 41.73
As 5s Tc 9d 52.90 1.99 45.12
As 5s Tc 8d 53.04 2.09 44.88
As 5s Tc 7d 52.46 2.07 45.47
As 5s Tc 6d 51.42 1.93 46.65
As 5s Tc 5d 51.53 0.89 47.58
As 5s Tc 4d 50.23 1.96 47.82
As 5s Tc 3d 48.64 1.76 49.60
As 5s Tc 2d 46.82 1.64 51.54
As 5s 9c 8c 55.56 1.80 42.65
As 5s 9c 7c 54.68 1.76 43.56
As 5s 9c 6c 53.06 1.69 45.24
As 5s 9c 5c 54.15 0.71 45.15
As 5s 9c 4c 50.49 1.56 47.95
As 5s 9c 3c 50.98 1.54 47.48
As 5s 9c 2c 49.78 1.44 48.78
As 5s 9c 9d 54.81 0.63 44.56
As 5s 9c 8d 52.49 1.94 45.57
As 5s 9c 7d 51.69 1.91 46.39
As 5s 9c 6d 49.63 1.80 48.57
As 5s 9c 5d 50.96 0.74 48.30
As 5s 9c 4d 47.86 1.74 50.41
As 5s 9c 3d 48.15 1.72 50.12
As 5s 9c 2d 45.99 1.53 52.48
As 5s 8c 7c 54.47 1.75 43.78
As 5s 8c 6c 53.24 1.62 45.13
As 5s 8c 5c 54.28 0.74 44.98
As 5s 8c 4c 52.05 1.62 46.33
As 5s 8c 3c 49.94 1.50 48.56
As 5s 8c 2c 49.91 1.49 48.60
As 5s 8c 8d 53.64 0.68 45.68
As 5s 8c 7d 51.16 1.91 46.93
As 5s 8c 6d 50.33 1.77 47.90
As 5s 8c 5d 51.12 0.83 48.05
As 5s 8c 4d 49.11 1.73 49.16
As 5s 8c 3d 46.91 1.62 51.47
As 5s 8c 2d 47.20 1.59 51.21
As 5s 7c 6c 53.14 1.66 45.20
As 5s 7c 5c 54.69 0.81 44.50
As 5s 7c 4c 52.39 1.63 45.98
As 5s 7c 3c 51.16 1.60 47.24
As 5s 7c 2c 49.83 1.48 48.69
As 5s 7c 7d 52.62 0.76 46.62
As 5s 7c 6d 50.62 1.79 47.59
As 5s 7c 5d 51.81 0.86 47.33
As 5s 7c 4d 49.60 1.78 48.63
As 5s 7c 3d 48.33 1.68 49.99
As 5s 7c 2d 46.26 1.57 52.17
As 5s 6c 5c 53.66 0.78 45.56
As 5s 6c 4c 51.72 1.57 46.71
As 5s 6c 3c 50.28 1.51 48.22
As 5s 6c 2c 48.87 1.45 49.69
As 5s 6c 6d 51.19 0.68 48.13
As 5s 6c 5d 51.28 0.84 47.87
As 5s 6c 4d 48.26 1.70 50.04
As 5s 6c 3d 47.58 1.61 50.81
As 5s 6c 2d 46.15 1.53 52.32
As 5s 5c 4c 53.38 0.63 45.99
As 5s 5c 3c 51.82 0.56 47.62
As 5s 5c 2c 50.23 0.45 49.31
As 5s 5c 5d 40.65 0.06 59.30
As 5s 5c 4d 49.88 0.70 49.42
As 5s 5c 3d 48.37 0.60 51.03
As 5s 5c 2d 47.98 0.51 51.51
As 5s 4c 3c 48.76 1.47 49.77
As 5s 4c 2c 48.04 1.38 50.58
As 5s 4c 4d 48.45 0.87 50.68
As 5s 4c 3d 46.45 1.62 51.93
As 5s 4c 2d 45.20 1.52 53.28
As 5s 3c 2c 46.59 1.30 52.11
As 5s 3c 3d 46.39 0.75 52.87
As 5s 3c 2d 43.09 1.38 55.53
As 5s 2c 2d 43.32 0.65 56.03
As 4s 3s 2s 40.73 1.35 57.92
As 4s 3s Ac 63.93 0.85 35.22
As 4s 3s Kc 50.51 2.10 47.40
As 4s 3s Qc 48.95 2.01 49.04
As 4s 3s Jc 48.19 1.92 49.89
As 4s 3s Tc 47.07 1.83 51.10
As 4s 3s 9c 44.28 1.57 54.16
As 4s 3s 8c 43.86 1.49 54.65
As 4s 3s 7c 45.64 1.57 52.79
As 4s 3s 6c 44.54 1.47 53.99
As 4s 3s 5c 44.84 1.58 53.59
As 4s 3s 4c 45.08 0.58 54.35
As 4s 3s 3c 45.58 0.73 53.69
As 4s 3s 2c 41.85 1.35 56.79
As 4s 2s Ac 63.13 0.67 36.20
As 4s 2s Kc 49.03 1.95 49.02
As 4s 2s Qc 47.30 1.85 50.85
As 4s 2s Jc 46.87 1.72 51.41
As 4s 2s Tc 45.68 1.66 52.66
As 4s 2s 9c 43.22 1.39 55.39
As 4s 2s 8c 43.92 1.49 54.60
As 4s 2s 7c 43.88 1.43 54.69
As 4s 2s 6c 44.08 1.43 54.49
As 4s 2s 5c 43.59 1.50 54.91
As 4s 2s 4c 44.57 0.47 54.97
As 4s 2s 3c 41.86 1.35 56.79
As 4s 2s 2c 42.76 0.63 56.61
As 4s Ac 4c 70.18 0.31 29.51
As 4s Ac 3c 68.05 0.74 31.21
As 4s Ac 2c 66.74 0.63 32.63
As 4s Ac Ad 60.16 0.06 39.79
As 4s Ac Kd 65.66 0.64 33.70
As 4s Ac Qd 65.23 0.66 34.11
As 4s Ac Jd 65.17 0.65 34.18
As 4s Ac Td 65.78 0.64 33.58
As 4s Ac 9d 64.77 0.49 34.74
As 4s Ac 8d 64.92 0.63 34.45
As 4s Ac 7d 65.37 0.78 33.85
As 4s Ac 6d 65.42 0.84 33.73
As 4s Ac 5d 65.71 0.97 33.32
As 4s Ac 4d 67.56 0.35 32.09
As 4s Ac 3d 64.79 0.83 34.38
As 4s Ac 2d 64.03 0.70 35.27
As 4s Kc Qc 57.78 1.89 40.32
As 4s Kc Jc 57.27 1.84 40.89
As 4s Kc Tc 57.30 1.87 40.82
As 4s Kc 9c 54.32 1.68 43.99
As 4s Kc 8c 55.83 1.78 42.39
As 4s Kc 7c 56.54 1.88 41.58
As 4s Kc 6c 55.28 1.89 42.83
As 4s Kc 5c 56.93 2.05 41.02
As 4s Kc 4c 56.07 0.96 42.97
As 4s Kc 3c 55.09 1.90 43.01
As 4s Kc 2c 53.26 1.80 44.94
As 4s Kc Kd 63.58 0.84 35.58
As 4s Kc Qd 53.92 2.04 44.04
As 4s Kc Jd 53.81 2.03 44.16
As 4s Kc Td 53.16 2.03 44.81
As 4s Kc 9d 50.99 1.87 47.14
As 4s Kc 8d 52.01 1.96 46.02
As 4s Kc 7d 52.54 2.06 45.40
As 4s Kc 6d 52.45 2.07 45.48
As 4s Kc 5d 53.44 2.20 44.36
As 4s Kc 4d 52.30 1.06 46.64
As 4s Kc 3d 51.39 2.09 46.52
As 4s Kc 2d 49.89 1.97 48.14
As 4s Qc Jc 57.25 1.89 40.86
As 4s Qc Tc 57.10 1.94 40.96
As 4s Qc 9c 54.70 1.73 43.57
As 4s Qc 8c 55.58 1.79 42.63
As 4s Qc 7c 54.88 1.79 43.33
As 4s Qc 6c 54.88 1.79 43.33
As 4s Qc 5c 55.14 1.99 42.87
As 4s Qc 4c 55.00 0.88 44.12
As 4s Qc 3c 53.43 1.85 44.71
As 4s Qc 2c 52.51 1.71 45.79
As 4s Qc Qd 61.58 0.76 37.66
As 4s Qc Jd 54.20 2.07 43.74
As 4s Qc Td 53.56 2.04 44.40
As 4s Qc 9d 51.29 1.86 46.84
As 4s Qc 8d 51.78 1.94 46.28
As 4s Qc 7d 51.25 1.97 46.78
As 4s Qc 6d 51.25 1.99 46.76
As 4s Qc 5d 52.00 2.15 45.85
As 4s Qc 4d 52.18 1.01 46.81
As 4s Qc 3d 50.34 2.00 47.66
As 4s Qc 2d 48.51 1.81 49.68
As 4s Jc Tc 57.11 1.90 40.99
As 4s Jc 9c 55.10 1.81 43.09
As 4s Jc 8c 56.28 1.87 41.86
As 4s Jc 7c 54.67 1.85 43.48
As 4s Jc 6c 53.49 1.73 44.78
As 4s Jc 5c 54.15 1.85 44.00
As 4s Jc 4c 54.25 0.87 44.89
As 4s Jc 3c 52.17 1.73 46.10
As 4s Jc 2c 51.20 1.64 47.16
As 4s Jc Jd 59.14 0.73 40.13
As 4s Jc Td 53.99 2.09 43.92
As 4s Jc 9d 51.78 1.92 46.29
As 4s Jc 8d 52.56 1.98 45.47
As 4s Jc 7d 51.56 2.04 46.40
As 4s Jc 6d 49.83 1.84 48.33
As 4s Jc 5d 51.28 2.08 46.64
As 4s Jc 4d 50.92 0.92 48.16
As 4s Jc 3d 49.12 1.87 49.02
As 4s Jc 2d 47.59 1.77 50.63
As 4s Tc 9c 54.67 1.83 43.50
As 4s Tc 8c 55.96 1.92 42.12
As 4s Tc 7c 55.16 1.89 42.95
As 4s Tc 6c 53.60 1.77 44.63
As 4s Tc 5c 53.21 1.81 44.98
As 4s Tc 4c 53.60 0.83 45.57
As 4s Tc 3c 51.79 1.67 46.53
As 4s Tc 2c 50.15 1.53 48.32
As 4s Tc Td 57.06 0.68 42.26
As 4s Tc 9d 52.00 1.95 46.05
As 4s Tc 8d 53.07 2.08 44.85
As 4s Tc 7d 52.28 2.04 45.69
As 4s Tc 6d 50.60 1.91 47.49
As 4s Tc 5d 50.25 1.99 47.75
As 4s Tc 4d 50.03 0.88 49.09
As 4s Tc 3d 48.65 1.84 49.51
As 4s Tc 2d 46.47 1.65 51.88
As 4s 9c 8c 53.88 1.70 44.42
As 4s 9c 7c 53.12 1.70 45.18
As 4s 9c 6c 51.64 1.57 46.79
As 4s 9c 5c 50.71 1.58 47.72
As 4s 9c 4c 51.60 0.59 47.80
As 4s 9c 3c 49.47 1.41 49.12
As 4s 9c 2c 47.90 1.29 50.81
As 4s 9c 9d 53.48 0.50 46.02
As 4s 9c 8d 50.53 1.85 47.61
As 4s 9c 7d 49.84 1.87 48.29
As 4s 9c 6d 48.72 1.69 49.59
As 4s 9c 5d 48.30 1.72 49.98
As 4s 9c 4d 48.48 0.65 50.88
As 4s 9c 3d 45.56 1.55 52.89
As 4s 9c 2d 43.66 1.39 54.95
As 4s 8c 7c 53.00 1.72 45.28
As 4s 8c 6c 51.69 1.55 46.76
As 4s 8c 5c 52.17 1.65 46.18
As 4s 8c 4c 52.50 0.64 46.86
As 4s 8c 3c 49.14 1.38 49.47
As 4s 8c 2c 48.77 1.35 49.88
As 4s 8c 8d 52.89 0.57 46.53
As 4s 8c 7d 51.10 1.82 47.08
As 4s 8c 6d 49.59 1.74 48.67
As 4s 8c 5d 49.44 1.74 48.82
As 4s 8c 4d 49.25 0.73 50.03
As 4s 8c 3d 45.63 1.50 52.87
As 4s 8c 2d 45.21 1.46 53.33
As 4s 7c 6c 52.49 1.57 45.95
As 4s 7c 5c 52.53 1.61 45.86
As 4s 7c 4c 52.21 0.69 47.09
As 4s 7c 3c 49.42 1.40 49.18
As 4s 7c 2c 47.88 1.30 50.82
As 4s 7c 7d 51.71 0.66 47.63
As 4s 7c 6d 49.08 1.71 49.21
As 4s 7c 5d 49.71 1.74 48.55
As 4s 7c 4d 49.42 0.75 49.83
As 4s 7c 3d 46.36 1.54 52.10
As 4s 7c 2d 45.19 1.43 53.39
As 4s 6c 5c 51.35 1.61 47.04
As 4s 6c 4c 51.87 0.69 47.44
As 4s 6c 3c 49.09 1.38 49.53
As 4s 6c 2c 47.64 1.32 51.04
As 4s 6c 6d 49.60 0.58 49.82
As 4s 6c 5d 48.77 1.71 49.52
As 4s 6c 4d 49.12 0.75 50.13
As 4s 6c 3d 45.58 1.46 52.96
As 4s 6c 2d 44.59 1.38 54.03
As 4s 5c 4c 52.60 0.78 46.62
As 4s 5c 3c 49.10 1.49 49.41
As 4s 5c 2c 48.32 1.39 50.29
As 4s 5c 5d 49.62 0.72 49.67
As 4s 5c 4d 49.34 0.83 49.83
As 4s 5c 3d 45.94 1.58 52.47
As 4s 5c 2d 45.03 1.51 53.46
As 4s 4c 3c 49.68 0.54 49.78
As 4s 4c 2c 49.08 0.41 50.51
As 4s 4c 4d 37.86 0.06 62.08
As 4s 4c 3d 46.98 0.57 52.45
As 4s 4c 2d 45.55 0.46 53.99
As 4s 3c 2c 45.90 1.26 52.84
As 4s 3c 3d 46.02 0.76 53.23
As 4s 3c 2d 43.26 1.34 55.40
As 4s 2c 2d 43.16 0.63 56.21
As 3s 2s Ac 62.63 0.70 36.67
As 3s 2s Kc 48.21 1.95 49.84
As 3s 2s Qc 46.85 1.84 51.31
As 3s 2s Jc 46.10 1.76 52.14
As 3s 2s Tc 44.95 1.67 53.38
As 3s 2s 9c 42.59 1.40 56.01
As 3s 2s 8c 41.87 1.34 56.79
As 3s 2s 7c 41.84 1.25 56.91
As 3s 2s 6c 41.63 1.24 57.13
As 3s 2s 5c 42.56 1.38 56.05
As 3s 2s 4c 41.76 1.37 56.87
As 3s 2s 3c 43.40 0.47 56.13
As 3s 2s 2c 42.14 0.61 57.25
As 3s Ac 3c 69.71 0.31 29.98
As 3s Ac 2c 66.70 0.63 32.68
As 3s Ac Ad 59.83 0.06 40.11
As 3s Ac Kd 65.40 0.65 33.94
As 3s Ac Qd 65.16 0.62 34.22
As 3s Ac Jd 65.17 0.65 34.17
As 3s Ac Td 65.29 0.63 34.08
As 3s Ac 9d 64.19 0.52 35.29
As 3s Ac 8d 64.51 0.50 34.99
As 3s Ac 7d 64.93 0.64 34.43
As 3s Ac 6d 64.67 0.67 34.66
As 3s Ac 5d 65.06 0.82 34.12
As 3s Ac 4d 64.85 0.83 34.32
As 3s Ac 3d 66.73 0.36 32.92
As 3s Ac 2d 63.63 0.67 35.69
As 3s Kc Qc 56.96 1.90 41.14
As 3s Kc Jc 57.21 1.87 40.92
As 3s Kc Tc 56.37 1.86 41.77
As 3s Kc 9c 54.75 1.70 43.55
As 3s Kc 8c 54.02 1.68 44.30
As 3s Kc 7c 54.55 1.74 43.70
As 3s Kc 6c 54.64 1.77 43.59
As 3s Kc 5c 54.96 1.91 43.13
As 3s Kc 4c 54.86 1.94 43.20
As 3s Kc 3c 54.95 0.95 44.10
As 3s Kc 2c 53.01 1.79 45.20
As 3s Kc Kd 63.63 0.83 35.54
As 3s Kc Qd 54.10 2.01 43.89
As 3s Kc Jd 53.23 2.02 44.76
As 3s Kc Td 52.98 1.99 45.03
As 3s Kc 9d 51.00 1.81 47.20
As 3s Kc 8d 50.70 1.79 47.50
As 3s Kc 7d 50.97 1.91 47.12
As 3s Kc 6d 50.59 1.90 47.51
As 3s Kc 5d 51.33 2.09 46.58
As 3s Kc 4d 51.60 2.12 46.28
As 3s Kc 3d 51.74 1.03 47.23
As 3s Kc 2d 49.47 1.94 48.59
As 3s Qc Jc 57.12 1.90 40.98
As 3s Qc Tc 56.03 1.87 42.10
As 3s Qc 9c 53.62 1.73 44.65
As 3s Qc 8c 54.64 1.67 43.69
As 3s Qc 7c 53.68 1.66 44.66
As 3s Qc 6c 52.96 1.67 45.37
As 3s Qc 5c 54.46 1.78 43.76
As 3s Qc 4c 53.28 1.78 44.95
As 3s Qc 3c 54.74 0.90 44.36
As 3s Qc 2c 51.91 1.70 46.39
As 3s Qc Qd 61.58 0.75 37.68
As 3s Qc Jd 53.11 2.01 44.89
As 3s Qc Td 53.22 2.07 44.71
As 3s Qc 9d 51.02 1.87 47.11
As 3s Qc 8d 50.18 1.83 47.99
As 3s Qc 7d 49.67 1.79 48.54
As 3s Qc 6d 49.37 1.83 48.80
As 3s Qc 5d 50.31 1.96 47.74
As 3s Qc 4d 50.32 2.01 47.67
As 3s Qc 3d 50.57 0.97 48.45
As 3s Qc 2d 48.05 1.84 50.11
As 3s Jc Tc 56.09 1.94 41.97
As 3s Jc 9c 54.49 1.75 43.76
As 3s Jc 8c 53.90 1.70 44.40
As 3s Jc 7c 53.80 1.72 44.48
As 3s Jc 6c 52.49 1.59 45.92
As 3s Jc 5c 52.81 1.74 45.45
As 3s Jc 4c 52.40 1.71 45.88
As 3s Jc 3c 53.14 0.89 45.96
As 3s Jc 2c 50.79 1.61 47.60
As 3s Jc Jd 58.77 0.72 40.51
As 3s Jc Td 53.48 2.06 44.45
As 3s Jc 9d 50.92 1.87 47.20
As 3s Jc 8d 50.79 1.91 47.30
As 3s Jc 7d 50.57 1.83 47.60
As 3s Jc 6d 48.49 1.72 49.79
As 3s Jc 5d 49.81 1.88 48.32
As 3s Jc 4d 49.32 1.88 48.80
As 3s Jc 3d 50.25 0.89 48.86
As 3s Jc 2d 47.19 1.70 51.11
As 3s Tc 9c 55.44 1.81 42.75
As 3s Tc 8c 54.72 1.78 43.51
As 3s Tc 7c 53.90 1.76 44.35
As 3s Tc 6c 52.41 1.59 46.00
As 3s Tc 5c 52.20 1.68 46.12
As 3s Tc 4c 51.37 1.63 47.00
As 3s Tc 3c 52.64 0.84 46.52
As 3s Tc 2c 49.56 1.52 48.91
As 3s Tc Td 56.75 0.70 42.55
As 3s Tc 9d 51.66 1.96 46.38
As 3s Tc 8d 51.06 1.93 47.02
As 3s Tc 7d 51.16 1.87 46.97
As 3s Tc 6d 49.22 1.78 48.99
As 3s Tc 5d 48.61 1.82 49.57
As 3s Tc 4d 48.97 1.81 49.22
As 3s Tc 3d 48.95 0.89 50.16
As 3s Tc 2d 45.51 1.61 52.88
As 3s 9c 8c 52.70 1.69 45.61
As 3s 9c 7c 52.40 1.68 45.92
As 3s 9c 6c 50.91 1.56 47.54
As 3s 9c 5c 51.05 1.56 47.39
As 3s 9c 4c 49.61 1.46 48.92
As 3s 9c 3c 49.96 0.59 49.46
As 3s 9c 2c 47.38 1.30 51.32
As 3s 9c 9d 52.92 0.52 46.56
As 3s 9c 8d 50.24 1.84 47.92
As 3s 9c 7d 49.26 1.82 48.92
As 3s 9c 6d 47.76 1.64 50.60
As 3s 9c 5d 47.49 1.70 50.81
As 3s 9c 4d 45.74 1.53 52.72
As 3s 9c 3d 46.47 0.63 52.90
As 3s 9c 2d 43.85 1.39 54.76
As 3s 8c 7c 51.69 1.62 46.69
As 3s 8c 6c 50.55 1.50 47.95
As 3s 8c 5c 50.49 1.50 48.01
As 3s 8c 4c 48.39 1.37 50.24
As 3s 8c 3c 49.49 0.54 49.96
As 3s 8c 2c 46.46 1.23 52.30
As 3s 8c 8d 50.85 0.47 48.67
As 3s 8c 7d 48.76 1.80 49.44
As 3s 8c 6d 47.07 1.62 51.31
As 3s 8c 5d 46.82 1.63 51.56
As 3s 8c 4d 45.80 1.48 52.72
As 3s 8c 3d 46.78 0.61 52.61
As 3s 8c 2d 43.24 1.33 55.43
As 3s 7c 6c 51.00 1.52 47.48
As 3s 7c 5c 50.79 1.58 47.62
As 3s 7c 4c 49.87 1.44 48.69
As 3s 7c 3c 49.75 0.63 49.63
As 3s 7c 2c 46.95 1.16 51.88
As 3s 7c 7d 50.32 0.55 49.13
As 3s 7c 6d 48.38 1.62 50.00
As 3s 7c 5d 47.58 1.65 50.77
As 3s 7c 4d 46.69 1.55 51.77
As 3s 7c 3d 46.33 0.64 53.02
As 3s 7c 2d 43.18 1.29 55.54
As 3s 6c 5c 50.57 1.52 47.91
As 3s 6c 4c 48.67 1.38 49.95
As 3s 6c 3c 49.28 0.58 50.14
As 3s 6c 2c 46.15 1.18 52.68
As 3s 6c 6d 49.33 0.47 50.20
As 3s 6c 5d 46.80 1.59 51.61
As 3s 6c 4d 45.74 1.49 52.77
As 3s 6c 3d 46.08 0.64 53.28
As 3s 6c 2d 42.83 1.22 55.95
As 3s 5c 4c 49.63 1.49 48.88
As 3s 5c 3c 50.37 0.66 48.97
As 3s 5c 2c 47.18 1.27 51.55
As 3s 5c 5d 47.86 0.57 51.56
As 3s 5c 4d 45.83 1.57 52.60
As 3s 5c 3d 46.70 0.74 52.56
As 3s 5c 2d 43.39 1.38 55.23
As 3s 4c 3c 49.60 0.67 49.73
As 3s 4c 2c 46.23 1.23 52.54
As 3s 4c 4d 46.26 0.57 53.16
As 3s 4c 3d 46.82 0.70 52.48
As 3s 4c 2d 43.27 1.35 55.38
As 3s 3c 2c 47.61 0.42 51.97
As 3s 3c 3d 35.87 0.05 64.08
As 3s 3c 2d 43.79 0.45 55.76
As 3s 2c 2d 42.52 0.58 56.91
As 2s Ac 2c 69.00 0.32 30.69
As 2s Ac Ad 59.54 0.06 40.40
As 2s Ac Kd 64.62 0.62 34.77
As 2s Ac Qd 64.58 0.65 34.76
As 2s Ac Jd 64.77 0.65 34.58
As 2s Ac Td 65.15 0.64 34.21
As 2s Ac 9d 64.09 0.51 35.40
As 2s Ac 8d 63.66 0.49 35.85
As 2s Ac 7d 63.50 0.51 35.99
As 2s Ac 6d 64.35 0.53 35.13
As 2s Ac 5d 64.39 0.71 34.90
As 2s Ac 4d 64.50 0.68 34.82
As 2s Ac 3d 63.77 0.68 35.55
As 2s Ac 2d 66.00 0.34 33.66
As 2s Kc Qc 56.57 1.88 41.55
As 2s Kc Jc 56.51 1.86 41.62
As 2s Kc Tc 55.90 1.88 42.22
As 2s Kc 9c 53.37 1.65 44.98
As 2s Kc 8c 53.44 1.64 44.92
As 2s Kc 7c 52.77 1.65 45.58
As 2s Kc 6c 52.30 1.64 46.06
As 2s Kc 5c 53.96 1.82 44.22
As 2s Kc 4c 53.84 1.79 44.37
As 2s Kc 3c 52.44 1.84 45.72
As 2s Kc 2c 53.81 0.94 45.26
As 2s Kc Kd 62.95 0.81 36.24
As 2s Kc Qd 52.80 2.03 45.17
As 2s Kc Jd 52.67 2.01 45.32
As 2s Kc Td 52.21 2.01 45.78
As 2s Kc 9d 50.00 1.78 48.22
As 2s Kc 8d 49.70 1.77 48.53
As 2s Kc 7d 48.97 1.77 49.26
As 2s Kc 6d 48.91 1.78 49.32
As 2s Kc 5d 50.29 1.96 47.76
As 2s Kc 4d 49.69 1.94 48.37
As 2s Kc 3d 49.02 1.91 49.07
As 2s Kc 2d 50.15 0.98 48.87
As 2s Qc Jc 56.14 1.87 41.99
As 2s Qc Tc 55.37 1.88 42.75
As 2s Qc 9c 53.41 1.72 44.88
As 2s Qc 8c 53.55 1.69 44.76
As 2s Qc 7c 51.86 1.56 46.57
As 2s Qc 6c 51.88 1.57 46.55
As 2s Qc 5c 52.60 1.69 45.70
As 2s Qc 4c 52.46 1.72 45.81
As 2s Qc 3c 51.84 1.70 46.46
As 2s Qc 2c 53.04 0.88 46.08
As 2s Qc Qd 61.15 0.78 38.08
As 2s Qc Jd 52.51 1.98 45.51
As 2s Qc Td 52.50 2.01 45.49
As 2s Qc 9d 49.82 1.85 48.33
As 2s Qc 8d 49.60 1.81 48.58
As 2s Qc 7d 48.07 1.70 50.23
As 2s Qc 6d 47.77 1.66 50.57
As 2s Qc 5d 49.26 1.89 48.85
As 2s Qc 4d 49.03 1.85 49.13
As 2s Qc 3d 48.20 1.83 49.96
As 2s Qc 2d 49.78 0.99 49.23
As 2s Jc Tc 56.46 1.92 41.62
As 2s Jc 9c 54.12 1.75 44.13
As 2s Jc 8c 53.34 1.74 44.92
As 2s Jc 7c 52.46 1.59 45.95
As 2s Jc 6c 50.69 1.42 47.90
As 2s Jc 5c 50.99 1.63 47.39
As 2s Jc 4c 50.83 1.58 47.58
As 2s Jc 3c 50.39 1.61 48.00
As 2s Jc 2c 51.88 0.87 47.25
As 2s Jc Jd 58.96 0.72 40.32
As 2s Jc Td 52.94 2.06 45.00
As 2s Jc 9d 50.25 1.92 47.83
As 2s Jc 8d 50.15 1.86 47.99
As 2s Jc 7d 48.32 1.73 49.95
As 2s Jc 6d 47.21 1.55 51.24
As 2s Jc 5d 48.18 1.70 50.12
As 2s Jc 4d 47.98 1.75 50.28
As 2s Jc 3d 47.93 1.74 50.33
As 2s Jc 2d 48.25 0.92 50.84
As 2s Tc 9c 54.59 1.81 43.59
As 2s Tc 8c 53.89 1.75 44.35
As 2s Tc 7c 52.82 1.65 45.54
As 2s Tc 6c 51.26 1.46 47.28
As 2s Tc 5c 50.41 1.54 48.05
As 2s Tc 4c 50.31 1.53 48.16
As 2s Tc 3c 50.21 1.55 48.24
As 2s Tc 2c 51.07 0.81 48.12
As 2s Tc Td 56.48 0.68 42.84
As 2s Tc 9d 51.31 1.97 46.72
As 2s Tc 8d 50.58 1.90 47.52
As 2s Tc 7d 49.55 1.82 48.63
As 2s Tc 6d 47.48 1.61 50.91
As 2s Tc 5d 47.09 1.68 51.23
As 2s Tc 4d 46.82 1.63 51.55
As 2s Tc 3d 46.11 1.68 52.21
As 2s Tc 2d 47.69 0.89 51.42
As 2s 9c 8c 52.92 1.69 45.39
As 2s 9c 7c 51.08 1.57 47.35
As 2s 9c 6c 49.67 1.37 48.96
